Elements#	Processes#	Time

100 		1 			0.0123180002
			4 			2.2943920009
			9 			1.1069729999
400 		1 			0.5687389988
			4 			2.5673820004
			9			9.4556079991
			16 			20.9561740011
600 		1 			2.4870360009
			4 			2.1265500002
			9			10.1140470002 
			16 			24.0994360000
800 		1 			5.8614530005
			4 			5.0209519994
			9			13.5935209990
			16 			26.1650029998
1000 		1 			13.2836399991
			4 			6.0105939992
			9			9.5665220004
			16 			65.5037520006
1200 		1 			23.6162660010
			4 			11.3004159983
			9 			18.3879140001
			16 			63.0078439992
1400 		1 			40.4612520002
 			4 			19.2244499996
 			9 			19.4404329993
 			16 			56.4958790001